-0.0790158426511533
-0.02765240279797368
-0.008948037749259067
-0.1267166974413313
-0.10317660743241273
-0.06251910224953205
-0.03726139851508529
-0.18051845308602038
0.12227367898474463
-0.09144448704601511
0.07065111959912652
0.08500160178519835
-0.18843187663170946
0.07720274292247264
0.015374965171354444
-0.16112335916529863
-0.1191407228016373
0.026278270854937495
0.019074381881353648
0.005822344167033803
0.03692719031390025
0.04275340287299554
0.07563257005923517
0.09490071705740932
0.13737231968525618
0.026590810676339015
0.051398970161161545
0.03919263159306344
-0.045386546155301986
-0.06338913189820056
-0.17275590122191645
-0.1052937402264782
-0.02138722219386381
-0.1371107447289248
0.18510447979289388
0.15306682641641534
0.08975486619113844
0.0748257214709424
-0.13398406624196482
0.19964914394678368
-0.0014157827684339829
-0.051985486672465615
-0.13181488110700876
-0.20443173004190204
-0.07560324950242205
-0.019465000941677794
-0.09242746074823403
-0.19053963567993354
0.11641430533786129
-0.05036148330222318
-0.007604237642376722
0.11395086930715131
0.026734077034965217
-0.10555965552771157
-0.12560657308868006
-0.08117318354519107
0.05482383635435369
0.06355175743080897
-0.01197992947779222
-0.10485525862245243
0.21364914537102492
0.07320003282613338
0.06855441801574069
-0.010907300146367606
-0.24410590480117272
0.09164437891508241
0.1992576718123399
0.05589075258688898
-0.06265219544025004
-0.17460779015101757
0.02238222452295218
-0.08252124352660405
-0.06385087407394598
0.018155323368385528
-0.045949712286888336
0.069667095344465
-0.03104990991803447
0.008823245398389787
0.11266004035379211
0.01925233077213785
0.1268164527621717
-0.02637996646713272
-0.044920058248627236
0.057347115376272496
0.09920771375688965
0.027810131853145695
-0.08812369253347066
0.12466814272531353
-0.045096284617429955
0.08941582709750787
0.054268048033521456
-0.03288657926907179
0.02904737214126946
-0.16664077239129532
0.0886538323577144
0.2143285076224991
0.012820884187922207
-0.09113994982266391
-0.017988399066658493
-0.1927835732350552
-0.1112306658075469
-0.014737912475837786
-0.025944907542989712
-0.062465108949863776
-0.09974890638670005
-0.08701146595138351
0.04201141539523243
0.029876271030756935
-0.0016009473700112878
-0.014298683203564751