-0.0790158426511533
-0.02765240279797368
-0.008948037749259067
-0.1267166974413313
-0.10317660743241273
-0.06251910224953205
-0.03726139851508529
-0.18051845308602038
0.12227367898474463
-0.09144448704601511
0.07065111959912652
0.08500160178519835
-0.18843187663170946
0.07720274292247264
0.015374965171354444
-0.16112335916529863
-0.1191407228016373
0.026278270854937495
0.019074381881353648
0.005822344167033803
0.03692719031390025
0.04275340287299554
0.07563257005923517
0.09490071705740932
0.13737231968525618
0.026590810676339015
0.051398970161161545
0.03919263159306344
-0.045386546155301986
-0.06338913189820056
-0.17275590122191645
-0.1052937402264782
-0.02138722219386381
-0.1371107447289248
0.18510447979289388
0.15306682641641534
0.08975486619113844
0.0748257214709424
-0.13398406624196482
0.19964914394678368
-0.0014157827684339829
-0.051985486672465615
-0.13181488110700876
-0.20443173004190204
-0.07560324950242205
-0.019465000941677794
-0.09242746074823403
-0.19053963567993354
0.11641430533786129
-0.05036148330222318
-0.007604237642376722
0.11395086930715131
0.026734077034965217
-0.10555965552771157
-0.12560657308868006
-0.08117318354519107
0.05482383635435369
0.06355175743080897
-0.01197992947779222
-0.10485525862245243
0.21364914537102492
0.07320003282613338
0.06855441801574069
-0.010907300146367606
-0.24410590480117272
0.09164437891508241
0.1992576718123399
0.05589075258688898
-0.06265219544025004
-0.17460779015101757
0.02238222452295218
-0.08252124352660405
-0.06385087407394598
0.018155323368385528
-0.045949712286888336
0.069667095344465
-0.03104990991803447
0.008823245398389787
0.11266004035379211
0.01925233077213785
0.1268164527621717
-0.02637996646713272
-0.044920058248627236
0.057347115376272496
0.09920771375688965
0.027810131853145695
-0.08812369253347066
0.12466814272531353
-0.045096284617429955
0.08941582709750787
0.054268048033521456
-0.03288657926907179
0.02904737214126946
-0.16664077239129532
0.0886538323577144
0.2143285076224991
0.012820884187922207
-0.09113994982266391
-0.017988399066658493
-0.1927835732350552
-0.1112306658075469
-0.014737912475837786
-0.025944907542989712
-0.062465108949863776
-0.09974890638670005
-0.08701146595138351
0.04201141539523243
0.029876271030756935
-0.0016009473700112878
-0.014298683203564751
0.02875234137809777
0.0053850422369010244
-0.027363147566028454
-0.07062429446307741
0.0038575985613529657
0.014016656662496917
0.015121467336089916
0.016647079351828922
0.0031791950438168418
-0.020058573952634072
-0.005376721028622634
0.0028910076600177784
0.08034907191905126
-0.005252076208337468
0.024523056082106847
0.02745174299027751
-0.010802804022806999
-0.04377557228543953
-0.020763622992385114
-0.05607552820669727
0.018101539198239806
0.022004781591891506
0.04597056407724021
0.044451602041589516
-0.01639645561076378
0.012839513148359518
-0.04010848674657877
0.02019686493486222
-0.028949283589633154
-0.010589565058842057
-0.037293106807257066
-0.01657727075411887
0.025311633515808753
0.026050182753616733
-0.010426277659320929
-0.021024863128131448
-0.0033745636651454497
0.009039963258025582
0.041790239951460736
0.0012224402106035652
0.04449682974992996
0.016979926241784057
-0.054294138747529225
0.03139318860840864
-0.04999178214521106
-0.03066219216356466
-0.008033282136867152
-0.041888339532900366
-0.07756761280538035
-0.0015970477181720304
0.06070080509216351
-0.01260264183567361
-0.036553271018531314
0.06532607508186952
0.008349089668625615
-0.061441608815600804
-0.07196030099685852
-0.016825860943775917
-0.027222251034037383
-0.034560900186242076
-0.018309748031735934
0.046707039426281925
-0.025034775810336717
0.015408837066557537
-0.009537538743451238
-0.042362043412259506
0.046464241633526075
-0.034803584161219994
0.08776451818855661
-0.005801305653808968
-0.013396422347974026
0.022643522126257837
-0.003246623821466134
-0.0323576083912827
0.012009593435256476
0.00848535354269634
0.004777643125030518
-0.004436889776951206
-0.008501520503855263
0.045130611873431814
-0.020028888807585892
-0.01927519396066023
-0.028727896345298026
0.002396246410448514
0.025030947391579152
-0.007430739989153157
-0.0015059008851752327
0.03102264754802675
-0.004339411456247382
-0.03441103904282129
-0.02067711377044951
0.03866478304938409
0.05389808796454245
-0.039005277141932686
0.012152286690295208
0.01837929726571284
-0.01160481967135383
-0.020902513828610993
0.021326358001870264
-0.052753572408099594
-0.06078249812625776
-0.02516086370940814
-0.01815950767284227
-0.007701932018929237
-0.051957868087244376
0.058406122262614685
-0.0007480423323428311
0.06573031633546121
-0.02743686766218092
0.052406442667531555
-0.011649401366307013
-0.010220236327925911
0.002467178497257071
0.0174525347139049
-0.016039844432629007
0.005336261921097084
0.006325047394822909
-0.0007606860605766391
-0.0030003245139831078
0.002898462621447974
0.025946928439860385
0.033768186572147536
0.0009458327376404753
-0.012830428325354868
-0.008817136802848097
-0.024327823787021127
-2.7541527077149567e-06
-0.020632478778680814
-0.0075866028948546
0.030068544442089878
0.01003291133761904
-0.009966081549558562
-0.005717091561605813
-0.014563411190833112
0.02873072301822083
0.01352476765594578
-0.032376970030623946
0.04737485585006571
0.013765777721368793
-0.011708474233509156
0.010171003778256646
-0.004804568158886632
-0.017001818792699946
-0.013776405518501464
0.00036708487066538744
-0.019223712764681343
0.028478693028937123
0.01964010451641199
-0.010901201146649537
0.028450918900598376
-0.0009394617286981476
0.0026756475294229514
0.019988656114235524
-0.012150529377703945
-0.004640812015182035
0.019099791158342014
-0.02785501338802453
-0.008452631856610616
-0.03784122348304341
0.025526080799363263
-0.001754718634823909
0.03670854478061265
0.004044549227993842
-0.008324354250757858
0.015350895874930133
-0.03641264720758597
-0.0049081156048341994
-0.031167164357627865
-0.008276546990958141
0.0002312978268382959
0.004071094486203248
-0.03051002247060972
0.006015665803443153
0.03486986283294591
0.012033928099608203
0.02340176775133783
0.031831306653155284
-0.000525441095145519
-0.03415354867054401
0.01073385795745459
-0.01700492025502569
-0.0012625099392720442
0.006945639694980572
0.0163545839775536
-0.0018144351321799262
0.0015078523766398986
0.03905535439494684
0.003988928063358088
0.06426555142919202
0.0026736491704274865
0.018472860348582518
-0.03739013015033201
-0.015774911224015163
-0.03193859208120669
-0.03383409000564035
-0.010767047089846335
-0.035711357701858425
-0.035227178355335446
-0.003163025923462576
-0.006628849298660387
0.0025324404592810953
-0.030329644479571906
0.02319397996428419
0.01527760525955218
-0.01663391439758453
-0.008795368078106703
-0.001370943036563553
0.03592436568684435
0.029044605167182914
0.009309448327104543
-0.011050823850195683
-0.02305918200021755
-0.014119231238290592
-0.03367482207129435
-0.016628990565159485
0.011823449828984341
0.018562735183192902
0.03168574607830579
-0.005555659036714131
0.025636260949848284
0.010813894032309077
-0.00485845528111997
0.01807576243601821
0.0028626772304112583
-0.0017969938569607183
-0.0027710588885163042
-0.0099382940792368
0.0066116844455258155
0.005139688410127702
-0.012167037302569107
-0.007625711181621803
-0.006419023303012856
-0.0032484303850766286
-0.0016805255207288016
-0.004971420295639378
-0.00372716151582073
-0.014043153392100471
0.009211259313433499
0.0012569384085304748
-0.0056946613288968075
-0.0032409510486481156
0.003052398691493964
0.010317550937627297
0.014808270158370176
-0.0044788822257345595
-0.017098668270903054
0.002032684487720173
-0.008246242526081037
-0.006961619801548576
-0.011027491711468433
0.016753593016516615
0.016512324947831253
-0.00012496833017088438
0.021934609597596227
-0.004806140373162311
0.015596638434574336
-0.011831129408292304
-0.001291630482559214
0.012015595095914412
0.007655147691603874
0.007149638514414519
-0.013166710901194064
-0.0031717753404238605
0.014135236041082964
0.009107553357620849
-0.0036609467523140587
0.0035937882129383593
-0.010607218776608963
-0.013966840172714157
-0.014158157567769041
-0.0020530459019523144
-0.006009948364162944
-0.014932877245654756
-0.004310465471987233
0.010913587855340693
-0.0105612624624267
0.0025510334223837233
0.002130818204446537
-0.010064106341191802
0.000979882480060179
-0.0237628978327286
-0.00654877611272253
-0.0025869865722409078
-0.006693502982450032
0.006092915347321335
0.006601195838630415
-0.02537465873488882
-0.009317030343962744
0.007101281696608168
-0.005150146261436512
-0.003915720159609419
-0.0035760536030474714
0.00541156016385091
-0.018485748240836878
-0.0035281842646424305
0.02819637565458449
-0.0006232455798272443
0.005588454065069277
0.011207902383958504
0.014050928591768149
0.011371928722019302
0.004306238686513252
-0.009652106118362242
-0.004703402131778265
-0.004392822017195081
0.005485035564467502
-0.011967989105918208
0.004727631274961253
0.0008183790807795597
-0.00436650482692791
0.007169937449225941
-0.015274647712217641
0.003673681520421306
-0.0072437746216351085
0.011371874575975119
0.0038250487809128168
0.008249904792530481
0.006960891377177735
-0.003468203561602667
-0.015512155030597231
0.0077021571017109654
-0.0063415877920321275
0.0003626433334894701
-0.003798101620264831
0.0024931324120117033
-0.0045287474439686835
0.0014691910508560391
0.017150413767314503
-0.00040434401994373373
0.01761526240511501