-0.0790158426511533
-0.02765240279797368
-0.008948037749259067
-0.1267166974413313
-0.10317660743241273
-0.06251910224953205
-0.03726139851508529
-0.18051845308602038
0.12227367898474463
-0.09144448704601511
0.07065111959912652
0.08500160178519835
-0.18843187663170946
0.07720274292247264
0.015374965171354444
-0.16112335916529863
-0.1191407228016373
0.026278270854937495
0.019074381881353648
0.005822344167033803
0.03692719031390025
0.04275340287299554
0.07563257005923517
0.09490071705740932
0.13737231968525618
0.026590810676339015
0.051398970161161545
0.03919263159306344
-0.045386546155301986
-0.06338913189820056
-0.17275590122191645
-0.1052937402264782
-0.02138722219386381
-0.1371107447289248
0.18510447979289388
0.15306682641641534
0.08975486619113844
0.0748257214709424
-0.13398406624196482
0.19964914394678368
-0.0014157827684339829
-0.051985486672465615
-0.13181488110700876
-0.20443173004190204
-0.07560324950242205
-0.019465000941677794
-0.09242746074823403
-0.19053963567993354
0.11641430533786129
-0.05036148330222318
-0.007604237642376722
0.11395086930715131
0.026734077034965217
-0.10555965552771157
-0.12560657308868006
-0.08117318354519107
0.05482383635435369
0.06355175743080897
-0.01197992947779222
-0.10485525862245243
0.21364914537102492
0.07320003282613338
0.06855441801574069
-0.010907300146367606
-0.24410590480117272
0.09164437891508241
0.1992576718123399
0.05589075258688898
-0.06265219544025004
-0.17460779015101757
0.02238222452295218
-0.08252124352660405
-0.06385087407394598
0.018155323368385528
-0.045949712286888336
0.069667095344465
-0.03104990991803447
0.008823245398389787
0.11266004035379211
0.01925233077213785
0.1268164527621717
-0.02637996646713272
-0.044920058248627236
0.057347115376272496
0.09920771375688965
0.027810131853145695
-0.08812369253347066
0.12466814272531353
-0.045096284617429955
0.08941582709750787
0.054268048033521456
-0.03288657926907179
0.02904737214126946
-0.16664077239129532
0.0886538323577144
0.2143285076224991
0.012820884187922207
-0.09113994982266391
-0.017988399066658493
-0.1927835732350552
-0.1112306658075469
-0.014737912475837786
-0.025944907542989712
-0.062465108949863776
-0.09974890638670005
-0.08701146595138351
0.04201141539523243
0.029876271030756935
-0.0016009473700112878
-0.014298683203564751
0.02875234137809777
0.0053850422369010244
-0.027363147566028454
-0.07062429446307741
0.0038575985613529657
0.014016656662496917
0.015121467336089916
0.016647079351828922
0.0031791950438168418
-0.020058573952634072
-0.005376721028622634
0.0028910076600177784
0.08034907191905126
-0.005252076208337468
0.024523056082106847
0.02745174299027751
-0.010802804022806999
-0.04377557228543953
-0.020763622992385114
-0.05607552820669727
0.018101539198239806
0.022004781591891506
0.04597056407724021
0.044451602041589516
-0.01639645561076378
0.012839513148359518
-0.04010848674657877
0.02019686493486222
-0.028949283589633154
-0.010589565058842057
-0.037293106807257066
-0.01657727075411887
0.025311633515808753
0.026050182753616733
-0.010426277659320929
-0.021024863128131448
-0.0033745636651454497
0.009039963258025582
0.041790239951460736
0.0012224402106035652
0.04449682974992996
0.016979926241784057
-0.054294138747529225
0.03139318860840864
-0.04999178214521106
-0.03066219216356466
-0.008033282136867152
-0.041888339532900366
-0.07756761280538035
-0.0015970477181720304
0.06070080509216351
-0.01260264183567361
-0.036553271018531314
0.06532607508186952
0.008349089668625615
-0.061441608815600804
-0.07196030099685852
-0.016825860943775917
-0.027222251034037383
-0.034560900186242076
-0.018309748031735934
0.046707039426281925
-0.025034775810336717
0.015408837066557537
-0.009537538743451238
-0.042362043412259506
0.046464241633526075
-0.034803584161219994
0.08776451818855661
-0.005801305653808968
-0.013396422347974026
0.022643522126257837
-0.003246623821466134
-0.0323576083912827
0.012009593435256476
0.00848535354269634
0.004777643125030518
-0.004436889776951206
-0.008501520503855263
0.045130611873431814
-0.020028888807585892
-0.01927519396066023
-0.028727896345298026
0.002396246410448514
0.025030947391579152
-0.007430739989153157
-0.0015059008851752327
0.03102264754802675
-0.004339411456247382
-0.03441103904282129
-0.02067711377044951
0.03866478304938409
0.05389808796454245
-0.039005277141932686
0.012152286690295208
0.01837929726571284
-0.01160481967135383
-0.020902513828610993
0.021326358001870264
-0.052753572408099594
-0.06078249812625776
-0.02516086370940814
-0.01815950767284227
-0.007701932018929237
-0.051957868087244376
0.058406122262614685
-0.0007480423323428311
0.06573031633546121
-0.02743686766218092
0.052406442667531555
-0.011649401366307013
-0.010220236327925911
0.002467178497257071
0.0174525347139049
-0.016039844432629007
0.005336261921097084
0.006325047394822909
-0.0007606860605766391
-0.0030003245139831078
0.002898462621447974
0.025946928439860385
0.033768186572147536
0.0009458327376404753
-0.012830428325354868
-0.008817136802848097
-0.024327823787021127
-2.7541527077149567e-06
-0.020632478778680814
-0.0075866028948546
0.030068544442089878
0.01003291133761904
-0.009966081549558562
-0.005717091561605813
-0.014563411190833112
0.02873072301822083
0.01352476765594578
-0.032376970030623946
0.04737485585006571
0.013765777721368793
-0.011708474233509156
0.010171003778256646
-0.004804568158886632
-0.017001818792699946
-0.013776405518501464
0.00036708487066538744
-0.019223712764681343
0.028478693028937123
0.01964010451641199
-0.010901201146649537
0.028450918900598376
-0.0009394617286981476
0.0026756475294229514
0.019988656114235524
-0.012150529377703945
-0.004640812015182035
0.019099791158342014
-0.02785501338802453
-0.008452631856610616
-0.03784122348304341
0.025526080799363263
-0.001754718634823909
0.03670854478061265
0.004044549227993842
-0.008324354250757858
0.015350895874930133
-0.03641264720758597
-0.0049081156048341994
-0.031167164357627865
-0.008276546990958141
0.0002312978268382959
0.004071094486203248
-0.03051002247060972
0.006015665803443153
0.03486986283294591
0.012033928099608203
0.02340176775133783
0.031831306653155284
-0.000525441095145519
-0.03415354867054401
0.01073385795745459
-0.01700492025502569
-0.0012625099392720442
0.006945639694980572
0.0163545839775536
-0.0018144351321799262
0.0015078523766398986
0.03905535439494684
0.003988928063358088
0.06426555142919202
0.0026736491704274865
0.018472860348582518
-0.03739013015033201
-0.015774911224015163
-0.03193859208120669
-0.03383409000564035
-0.010767047089846335
-0.035711357701858425
-0.035227178355335446
-0.003163025923462576
-0.006628849298660387
0.0025324404592810953
-0.030329644479571906
0.02319397996428419
0.01527760525955218
-0.01663391439758453
-0.008795368078106703
-0.001370943036563553
0.03592436568684435
0.029044605167182914
0.009309448327104543
-0.011050823850195683
-0.02305918200021755
-0.014119231238290592
-0.03367482207129435
-0.016628990565159485
0.011823449828984341
0.018562735183192902
0.03168574607830579
-0.005555659036714131
0.025636260949848284
0.010813894032309077
-0.00485845528111997
0.01807576243601821
0.0028626772304112583
-0.0017969938569607183
-0.0027710588885163042
-0.0099382940792368
0.0066116844455258155
0.005139688410127702
-0.012167037302569107
-0.007625711181621803
-0.006419023303012856
-0.0032484303850766286
-0.0016805255207288016
-0.004971420295639378
-0.00372716151582073
-0.014043153392100471
0.009211259313433499
0.0012569384085304748
-0.0056946613288968075
-0.0032409510486481156
0.003052398691493964
0.010317550937627297
0.014808270158370176
-0.0044788822257345595
-0.017098668270903054
0.002032684487720173
-0.008246242526081037
-0.006961619801548576
-0.011027491711468433
0.016753593016516615
0.016512324947831253
-0.00012496833017088438
0.021934609597596227
-0.004806140373162311
0.015596638434574336
-0.011831129408292304
-0.001291630482559214
0.012015595095914412
0.007655147691603874
0.007149638514414519
-0.013166710901194064
-0.0031717753404238605
0.014135236041082964
0.009107553357620849
-0.0036609467523140587
0.0035937882129383593
-0.010607218776608963
-0.013966840172714157
-0.014158157567769041
-0.0020530459019523144
-0.006009948364162944
-0.014932877245654756
-0.004310465471987233
0.010913587855340693
-0.0105612624624267
0.0025510334223837233
0.002130818204446537
-0.010064106341191802
0.000979882480060179
-0.0237628978327286
-0.00654877611272253
-0.0025869865722409078
-0.006693502982450032
0.006092915347321335
0.006601195838630415
-0.02537465873488882
-0.009317030343962744
0.007101281696608168
-0.005150146261436512
-0.003915720159609419
-0.0035760536030474714
0.00541156016385091
-0.018485748240836878
-0.0035281842646424305
0.02819637565458449
-0.0006232455798272443
0.005588454065069277
0.011207902383958504
0.014050928591768149
0.011371928722019302
0.004306238686513252
-0.009652106118362242
-0.004703402131778265
-0.004392822017195081
0.005485035564467502
-0.011967989105918208
0.004727631274961253
0.0008183790807795597
-0.00436650482692791
0.007169937449225941
-0.015274647712217641
0.003673681520421306
-0.0072437746216351085
0.011371874575975119
0.0038250487809128168
0.008249904792530481
0.006960891377177735
-0.003468203561602667
-0.015512155030597231
0.0077021571017109654
-0.0063415877920321275
0.0003626433334894701
-0.003798101620264831
0.0024931324120117033
-0.0045287474439686835
0.0014691910508560391
0.017150413767314503
-0.00040434401994373373
0.01761526240511501
-0.004321213927020611
0.005368899645940789
0.010337099940902449
0.008681989025068485
-0.001152987835873683
-0.0034600188256812122
0.0024815154354517915
-0.010601152787446251
0.005812102846710106
0.001192757777299787
0.00650978021387466
-0.006848367347280698
-0.0029443098724583274
0.0031488867218838583
0.0005597604868927309
-0.0021317497834409623
0.002240522104621968
0.005784195622649762
0.007655022301323552
-0.0031120963944606256
0.0019904736281377423
0.008480985997273182
0.00942419158598317
-0.016606904587402882
-0.001967565732479798
0.011234312916477652
-0.006154334024945644
0.004381437399661985
-0.007326351754702267
-0.0036039011291042968
-0.008260119852801446
-0.0013510069334812756
-0.006838254001480262
-0.00024322218919064663
-0.001524409158574091
-0.009027419471362692
-0.0024212615604808064
-0.008743169583783655
0.008489565946255823
0.0023685785270197673
-0.0010073589701640275
0.009338751327648878
0.0024808444074074687
-0.007140562211350457
0.015718780248647465
-0.0016538322288426753
0.001760418003078035
-0.013037381065350684
-0.01061865472998402
0.006153891216198351
-0.0054682555258887
0.0018043578126164261
-0.002442428216086883
-0.0145294348253419
0.005222484492026017
-0.006141616366885519
0.004422987931800492
-0.004327963746215314
-0.0008406817918065327
0.009438291897171191
-0.008358455207719157
-0.012397280137144353
0.008579611230909855
-0.006849230681574173
-0.013126651289013327
-0.0016895198311923825
-0.00618580418862691
-0.010015942083174764
-0.008706937936868137
0.0028707294056162657
-0.004733457500939929
-0.0011397573080322145
-0.008697939050660991
0.013387916902098873
0.004087404300751488
0.010768829294073074
0.017438380291527934
-0.0037496540260342198
-0.011706246009583537
0.0032211229316419067
0.00336931830007459
0.005928373123114369
0.009349449013874009
-0.007748070207433316
0.0025914912290381
0.0001051045856930471
0.016990254141399073
-0.004344119134583808
0.008117539909328337
-0.008129653664558043
0.0014018689969586304
-0.0006560517240698939
0.002696271402457963
0.013314333479644011
-0.0006050029055684289
-0.0010326703135802816
0.009359289698117617
0.002426430816931203
-0.001478172869771169
-0.0009075047995282793
0.0020154902964319727
-0.0029871415353451823
-0.00854283059674433
-0.005485927560746296
0.0025212288836485757
0.0011617701901327322
-0.003318283931615095
-0.00033269426916818933
0.0035927529560064804
-0.0020476537158679014
-0.006753998218191125
0.0023086857053428765
-0.0033347307763420798
0.0008557009432380191
-0.0023216047975956073
0.0019895982637342683
-0.004193647262081761
-0.0036659364611632194
-0.00023572560480584196
-0.00021023429908934913
-0.00880520799609302
-0.0021546977234904964
-0.0016757566638491328
-0.00040662039998027856
-0.0012585136373876238
0.0019386350844174157
-0.003680558592062058
-0.008173969829143075
-0.0017713164196174287
4.401678676324053e-05
-0.0035470975900204725
0.0012388835212382365
-0.00738970207570626
-0.002585456287176759
-0.0011480839844868265
0.0033908645815232444
-0.006297759455811355
-0.0008952545473243617
-0.00013320606179255133
-0.0017277608938182528
-0.005657079991493029
0.004738944444244956
-0.0046606583574792144
-0.0014676488083360125
-0.007281933049930674
-0.006829674839311082
0.0014518351873725843
0.00796617261108468
-0.0030573396311790483
-0.00392201444121824
-0.00016482518723977244
0.001116643921445677
0.0053691042665830555
-0.00879425361102409
0.001495558895948487
-0.0007120767031537096
0.0012972803511144065
-0.0008262393243405695
-0.00024946401357826836
-0.010425702445307536
0.005531048470756645
-0.0008604068960004279
-0.005189249057456965
0.00898397176175768
0.0022757003342225236
-0.002042532300574362
-0.0028924512479733943
0.0018320392553682256
0.002771987638590511
-0.0003860848726534047
0.0051264062407360145
0.001797289831628417
-0.00430425019634372
-0.005745744316508514
-0.0019475440670693722
0.0017747728640560383
-0.0038592256590881135
0.000751429351364096
0.003753921005672255
0.00242268871258781
-0.008315087231658618
0.0015037553998202254
0.001815888413474206
0.003642322840434417
0.0044922807998990545
0.004947569752154157
-0.0003669662993511905
0.003111749100129283
-0.0002719470946805933
0.008594323881852986
0.0012655907270141787
-0.004831127411844745
-0.005517223550162485
0.0030622023710252426
-0.002935151119359946
-0.007805902767739168
0.0003867197508794468
0.005447044592500748
0.0005649922439024274
-0.003013776448311934
0.002139082951906636
-0.001956855465813362
-0.00503449834561091
-0.004264022619144356
0.0030207183223182254
0.004732699453699417
0.000984794779226221
0.004833948560490902
0.002572793706041343
0.0024342808167073854
0.00022805673202382334
-0.0002634425330327158
-0.001615491069656733
-0.0030362401997596333
-0.004806373956407394
-0.000783734432829101
-0.00032401614402237513
0.004555183982923825
0.006396523854944715
-0.003479514797036636
-0.001245025411212259
-0.0022493391338457053
0.0017432019770701386
-0.0027486197229287307
0.0031970789654738566
-0.0008236706823111622
0.0025908248528128276
0.0003452647720641771
0.00103492740695883
-0.0016962946681916558
-0.0015983506083321242
-0.00012179806756651108
-0.0027875906433128613
-0.0022041125026126185
0.0003828696595512394
-0.0023158077991052755
-0.00023863832007156683
-0.001338033074806883
0.004656624475767908
0.0009198077105912237
0.0024683232181419708
-0.0007372646544011987
-0.0007304865195088853
0.0010415183701707191
-0.0023098695612626947
-0.0014086519799335038
0.0025941908168761957
-0.0005157916404536517
-0.0010290657033455617
-1.0255249109301596e-05
-0.001104736375567527
0.0023370666265824605
0.0002780834856989901
-0.0004580897314939817
0.0006304467569688969
0.002703165856349495
-0.0001861137995049084
-0.00019063653037649573
0.0022675614489415176
0.0021819990277947795
0.0037910764586039946
-0.0015042598293132936
-0.001675626394155128
0.0012383541882158135
0.0022260006438809313
-0.0007895238126870559
0.00156799798238715
-0.0006984988967674653
-0.0015002572198619306
-0.001953568845050393
-0.0002822211244658808
0.0010646756354550358
0.0029280291598654234
0.003125339967074711
9.74225279331066e-05
-0.0024270234758322702
0.0019372544751150042
0.0026726698892723154
0.0021519758307246336
0.0004245942560941274
-0.0015897404966845126
0.0038058585894819637
-0.00026453419299296094
9.09045849354499e-05
-0.0018377522952625336
-0.0005627235841021026
-0.0013261612689002874
-0.00024718682466258116
0.0023525221156190626
0.0011231921961524993
0.0005916941469744156
-0.0004078463156123467
0.0040458044451766526
-0.0012174265976707826
0.00013067668269898811
0.003241524440120583
0.00015178017819618718
0.0018082317300698622
0.0022100844467194715
-0.0008429507699319293
-0.001699848931017494
0.0020394309585405356
-0.0010072710934010667
0.0012456074486669624
-0.0007728099645439345
0.0008820031147231813
-0.0002041458183332746
-0.0007217829169722576
-0.0015618062080442314
0.0013332197672726027
0.0005340007608233614
0.0036063104474450183
0.0005870813311086004
-0.002328239324586147
-0.0007134063228125451
0.005881204362404145
0.0009686405619795329
-0.0011274358286624902
0.0005568803807373374
0.00147695460519157
0.0006462264760798357
0.0025518462218420243
-0.005986362264301282
0.0007919812375253197
-0.0015550545251576994
-0.0011190849832236052
-0.003998976555556462
0.0037781044902386873
-0.0006712395792357246
-0.0009757223474662888
0.0014297669492261604
-0.0012071029517373086
0.0007450003859565673
-0.00028511920370946127
0.0006762153215857948
0.0005820856403505481
-6.327303001924549e-05
-0.0007836236532225167
-8.733746607872174e-05
-4.3388770408151755e-05
0.0007742801464722302
-0.0007458368485603116
0.00029687837742732815
-0.001462396921275513
-0.00019283969348203348
-0.00019883738235371119
0.0007407380034295173
-0.00017350205456814484
0.0005578051037502396
-0.0008715606237786371
-5.06953373649458e-05
0.0009958719481590215
-0.0014166564807200582
-0.0005456630655958612
0.002096648528831836
-0.0003392389537358376
-0.0013718979778005577
-0.0017714838560974485
0.000618048077260362
0.0001821639511848868
0.0001383722471669173
0.00035103264766557274
0.0015409097453851896
-0.00028571889035003346
0.0005589332644513787
0.0005780234594469436
-0.0014015287906313516
-0.0007729299624975248
0.0010986333840585169
-0.001405740166648523
-0.0005160629574450539
-0.0017234725279984856
-0.0020674055169120193
0.0021844117185735173
0.0006840160066480204
0.0005211178201526725
0.0013933787656377123
-0.0007719113060106627
-0.00044025919678251446
-0.000786574370591286
-0.0002714654340696663
-0.002055107195351619
-0.0009224732085672845
-0.0008341689134851377
-0.0013925111999256177
-0.0006715697828311132
-0.0011690254818297755
-0.0002939203927856609
-0.0008148418312909029
-0.0002343482962431993
-0.0010961595955038365
0.0006228682216870951
-0.0002729401362079713
0.0013654358439839764
-0.0013275705611525469
0.0005447958805515313
-0.0005081354448961539
0.0017997340774214094
0.0006281320962813457
-0.0015797718329227527
0.00017208453243473945
-0.0012641319663423975
0.0016649895595472184
0.0005993149427326199
-0.0011344582272129714
0.0011296477205584988
-0.0012328349139059205
-0.0003365360107031463
0.000823695281030413
0.0007470549293948405
0.00026891849476718343
-0.0008144678160497339
-0.001546295932469587
-0.000835337908796861
7.732285724219265e-05
0.0014092020154162878
0.0003703395186226229
0.000268428075541828
-0.0015546355184642353
0.00036494245438129826
0.0002117506548064104
0.00035648631856914425
-7.877538692879397e-05
0.0014499092254153965
-0.0008493158460324356
0.001846097737716514
0.0013212556963039701
-0.00017167049388680798
0.0005173477608421105
-0.00017400449919262052
-0.0014513612160000913
0.0007847758826750411
0.0018784383288438934
-0.0006036962583520718
0.0013670461575968032
0.0013325639431417922
0.0005190167819313471
-8.658498324399131e-05
-0.0004182053100340948
-0.0010021685150414864