-0.0790158426511533
-0.02765240279797368
-0.008948037749259067
-0.1267166974413313
-0.10317660743241273
-0.06251910224953205
-0.03726139851508529
-0.18051845308602038
0.12227367898474463
-0.09144448704601511
0.07065111959912652
0.08500160178519835
-0.18843187663170946
0.07720274292247264
0.015374965171354444
-0.16112335916529863
-0.1191407228016373
0.026278270854937495
0.019074381881353648
0.005822344167033803
0.03692719031390025
0.04275340287299554
0.07563257005923517
0.09490071705740932
0.13737231968525618
0.026590810676339015
0.051398970161161545
0.03919263159306344
-0.045386546155301986
-0.06338913189820056
-0.17275590122191645
-0.1052937402264782
-0.02138722219386381
-0.1371107447289248
0.18510447979289388
0.15306682641641534
0.08975486619113844
0.0748257214709424
-0.13398406624196482
0.19964914394678368
-0.0014157827684339829
-0.051985486672465615
-0.13181488110700876
-0.20443173004190204
-0.07560324950242205
-0.019465000941677794
-0.09242746074823403
-0.19053963567993354
0.11641430533786129
-0.05036148330222318
-0.007604237642376722
0.11395086930715131
0.026734077034965217
-0.10555965552771157
-0.12560657308868006
-0.08117318354519107
0.05482383635435369
0.06355175743080897
-0.01197992947779222
-0.10485525862245243
0.21364914537102492
0.07320003282613338
0.06855441801574069
-0.010907300146367606
-0.24410590480117272
0.09164437891508241
0.1992576718123399
0.05589075258688898
-0.06265219544025004
-0.17460779015101757
0.02238222452295218
-0.08252124352660405
-0.06385087407394598
0.018155323368385528
-0.045949712286888336
0.069667095344465
-0.03104990991803447
0.008823245398389787
0.11266004035379211
0.01925233077213785
0.1268164527621717
-0.02637996646713272
-0.044920058248627236
0.057347115376272496
0.09920771375688965
0.027810131853145695
-0.08812369253347066
0.12466814272531353
-0.045096284617429955
0.08941582709750787
0.054268048033521456
-0.03288657926907179
0.02904737214126946
-0.16664077239129532
0.0886538323577144
0.2143285076224991
0.012820884187922207
-0.09113994982266391
-0.017988399066658493
-0.1927835732350552
-0.1112306658075469
-0.014737912475837786
-0.025944907542989712
-0.062465108949863776
-0.09974890638670005
-0.08701146595138351
0.04201141539523243
0.029876271030756935
-0.0016009473700112878
-0.014298683203564751
0.02875234137809777
0.0053850422369010244
-0.027363147566028454
-0.07062429446307741
0.0038575985613529657
0.014016656662496917
0.015121467336089916
0.016647079351828922
0.0031791950438168418
-0.020058573952634072
-0.005376721028622634
0.0028910076600177784
0.08034907191905126
-0.005252076208337468
0.024523056082106847
0.02745174299027751
-0.010802804022806999
-0.04377557228543953
-0.020763622992385114
-0.05607552820669727
0.018101539198239806
0.022004781591891506
0.04597056407724021
0.044451602041589516
-0.01639645561076378
0.012839513148359518
-0.04010848674657877
0.02019686493486222
-0.028949283589633154
-0.010589565058842057
-0.037293106807257066
-0.01657727075411887
0.025311633515808753
0.026050182753616733
-0.010426277659320929
-0.021024863128131448
-0.0033745636651454497
0.009039963258025582
0.041790239951460736
0.0012224402106035652
0.04449682974992996
0.016979926241784057
-0.054294138747529225
0.03139318860840864
-0.04999178214521106
-0.03066219216356466
-0.008033282136867152
-0.041888339532900366
-0.07756761280538035
-0.0015970477181720304
0.06070080509216351
-0.01260264183567361
-0.036553271018531314
0.06532607508186952
0.008349089668625615
-0.061441608815600804
-0.07196030099685852
-0.016825860943775917
-0.027222251034037383
-0.034560900186242076
-0.018309748031735934
0.046707039426281925
-0.025034775810336717
0.015408837066557537
-0.009537538743451238
-0.042362043412259506
0.046464241633526075
-0.034803584161219994
0.08776451818855661
-0.005801305653808968
-0.013396422347974026
0.022643522126257837
-0.003246623821466134
-0.0323576083912827
0.012009593435256476
0.00848535354269634
0.004777643125030518
-0.004436889776951206
-0.008501520503855263
0.045130611873431814
-0.020028888807585892
-0.01927519396066023
-0.028727896345298026
0.002396246410448514
0.025030947391579152
-0.007430739989153157
-0.0015059008851752327
0.03102264754802675
-0.004339411456247382
-0.03441103904282129
-0.02067711377044951
0.03866478304938409
0.05389808796454245
-0.039005277141932686
0.012152286690295208
0.01837929726571284
-0.01160481967135383
-0.020902513828610993
0.021326358001870264
-0.052753572408099594
-0.06078249812625776
-0.02516086370940814
-0.01815950767284227
-0.007701932018929237
-0.051957868087244376
0.058406122262614685
-0.0007480423323428311
0.06573031633546121
-0.02743686766218092
0.052406442667531555